(kicad_pcb (version 4) (host pcbnew 4.0.7)

  (general
    (links 141)
    (no_connects 105)
    (area 0 0 0 0)
    (thickness 1.6)
    (drawings 0)
    (tracks 169)
    (zones 0)
    (modules 71)
    (nets 79)
  )

  (page A4)
  (layers
    (0 F.Cu signal)
    (31 B.Cu signal)
    (32 B.Adhes user)
    (33 F.Adhes user)
    (34 B.Paste user)
    (35 F.Paste user)
    (36 B.SilkS user)
    (37 F.SilkS user)
    (38 B.Mask user)
    (39 F.Mask user)
    (40 Dwgs.User user)
    (41 Cmts.User user)
    (42 Eco1.User user)
    (43 Eco2.User user)
    (44 Edge.Cuts user)
    (45 Margin user)
    (46 B.CrtYd user)
    (47 F.CrtYd user)
    (48 B.Fab user)
    (49 F.Fab user)
  )

  (setup
    (last_trace_width 0.5)
    (user_trace_width 0.25)
    (user_trace_width 0.5)
    (user_trace_width 1)
    (user_trace_width 2)
    (trace_clearance 0.2)
    (zone_clearance 0.508)
    (zone_45_only no)
    (trace_min 0.25)
    (segment_width 0.2)
    (edge_width 0.15)
    (via_size 1.5)
    (via_drill 0.8)
    (via_min_size 1.5)
    (via_min_drill 0.8)
    (user_via 1.5 0.8)
    (user_via 2.5 0.8)
    (uvia_size 0.3)
    (uvia_drill 0.1)
    (uvias_allowed no)
    (uvia_min_size 0.2)
    (uvia_min_drill 0.1)
    (pcb_text_width 0.3)
    (pcb_text_size 1.5 1.5)
    (mod_edge_width 0.15)
    (mod_text_size 1 1)
    (mod_text_width 0.15)
    (pad_size 1.524 1.524)
    (pad_drill 0.762)
    (pad_to_mask_clearance 0.2)
    (aux_axis_origin 0 0)
    (visible_elements FFFFF77F)
    (pcbplotparams
      (layerselection 0x00030_80000001)
      (usegerberextensions false)
      (excludeedgelayer true)
      (linewidth 0.100000)
      (plotframeref false)
      (viasonmask false)
      (mode 1)
      (useauxorigin false)
      (hpglpennumber 1)
      (hpglpenspeed 20)
      (hpglpendiameter 15)
      (hpglpenoverlay 2)
      (psnegative false)
      (psa4output false)
      (plotreference true)
      (plotvalue true)
      (plotinvisibletext false)
      (padsonsilk false)
      (subtractmaskfromsilk false)
      (outputformat 1)
      (mirror false)
      (drillshape 1)
      (scaleselection 1)
      (outputdirectory ""))
  )

  (net 0 "")
  (net 1 GND)
  (net 2 "Net-(C1-Pad2)")
  (net 3 "Net-(C2-Pad2)")
  (net 4 "Net-(C3-Pad2)")
  (net 5 "Net-(C4-Pad1)")
  (net 6 "Net-(C4-Pad2)")
  (net 7 "Net-(C5-Pad2)")
  (net 8 "Net-(C6-Pad2)")
  (net 9 "Net-(C7-Pad1)")
  (net 10 "Net-(C7-Pad2)")
  (net 11 /NRST)
  (net 12 "Net-(C9-Pad1)")
  (net 13 VCC)
  (net 14 "Net-(C12-Pad1)")
  (net 15 /TXD)
  (net 16 /RXD)
  (net 17 "Net-(D1-Pad4)")
  (net 18 "Net-(D1-Pad5)")
  (net 19 "Net-(D2-Pad2)")
  (net 20 "Net-(D3-Pad1)")
  (net 21 "Net-(D3-Pad2)")
  (net 22 "Net-(D3-Pad3)")
  (net 23 "Net-(D4-Pad1)")
  (net 24 "Net-(D4-Pad2)")
  (net 25 "Net-(D4-Pad3)")
  (net 26 "Net-(J2-Pad2)")
  (net 27 "Net-(J2-Pad3)")
  (net 28 /SWIM)
  (net 29 "Net-(J5-Pad1)")
  (net 30 "Net-(J5-Pad2)")
  (net 31 "Net-(J5-Pad3)")
  (net 32 "Net-(J5-Pad4)")
  (net 33 "Net-(J5-Pad6)")
  (net 34 "Net-(J5-Pad7)")
  (net 35 "Net-(J5-Pad8)")
  (net 36 "Net-(J5-Pad9)")
  (net 37 "Net-(J5-Pad10)")
  (net 38 "Net-(J5-Pad12)")
  (net 39 "Net-(J5-Pad14)")
  (net 40 "Net-(J5-Pad15)")
  (net 41 GNDREF)
  (net 42 "Net-(J6-Pad3)")
  (net 43 "Net-(K1-Pad2)")
  (net 44 "Net-(K2-Pad2)")
  (net 45 "Net-(Q1-Pad1)")
  (net 46 "Net-(Q1-Pad3)")
  (net 47 "Net-(Q2-Pad1)")
  (net 48 "Net-(Q2-Pad3)")
  (net 49 "Net-(Q3-Pad1)")
  (net 50 "Net-(Q4-Pad1)")
  (net 51 "Net-(Q6-Pad1)")
  (net 52 "Net-(Q8-Pad1)")
  (net 53 "Net-(Q9-Pad1)")
  (net 54 /Out0)
  (net 55 /Out1)
  (net 56 /Cur0)
  (net 57 "Net-(R7-Pad1)")
  (net 58 "Net-(R8-Pad1)")
  (net 59 "Net-(R10-Pad2)")
  (net 60 /NKEY2)
  (net 61 /NKEY1)
  (net 62 /PKEY1)
  (net 63 "Net-(R15-Pad1)")
  (net 64 /Triac0)
  (net 65 /Relay0)
  (net 66 "Net-(R17-Pad1)")
  (net 67 /Triac1)
  (net 68 /Relay1)
  (net 69 "Net-(R20-Pad2)")
  (net 70 "Net-(R22-Pad2)")
  (net 71 "Net-(R23-Pad1)")
  (net 72 /Rx)
  (net 73 "Net-(R24-Pad2)")
  (net 74 /Tx)
  (net 75 /~In0)
  (net 76 /~In1)
  (net 77 "Net-(C13-Pad1)")
  (net 78 "Net-(D6-Pad1)")

  (net_class Default "This is the default net class."
    (clearance 0.2)
    (trace_width 0.25)
    (via_dia 1.5)
    (via_drill 0.8)
    (uvia_dia 0.3)
    (uvia_drill 0.1)
    (add_net /Cur0)
    (add_net /NKEY1)
    (add_net /NKEY2)
    (add_net /NRST)
    (add_net /Out0)
    (add_net /Out1)
    (add_net /PKEY1)
    (add_net /RXD)
    (add_net /Relay0)
    (add_net /Relay1)
    (add_net /Rx)
    (add_net /SWIM)
    (add_net /TXD)
    (add_net /Triac0)
    (add_net /Triac1)
    (add_net /Tx)
    (add_net /~In0)
    (add_net /~In1)
    (add_net GND)
    (add_net GNDREF)
    (add_net "Net-(C1-Pad2)")
    (add_net "Net-(C12-Pad1)")
    (add_net "Net-(C13-Pad1)")
    (add_net "Net-(C2-Pad2)")
    (add_net "Net-(C3-Pad2)")
    (add_net "Net-(C4-Pad1)")
    (add_net "Net-(C4-Pad2)")
    (add_net "Net-(C5-Pad2)")
    (add_net "Net-(C6-Pad2)")
    (add_net "Net-(C7-Pad1)")
    (add_net "Net-(C7-Pad2)")
    (add_net "Net-(C9-Pad1)")
    (add_net "Net-(D1-Pad4)")
    (add_net "Net-(D1-Pad5)")
    (add_net "Net-(D2-Pad2)")
    (add_net "Net-(D3-Pad1)")
    (add_net "Net-(D3-Pad2)")
    (add_net "Net-(D3-Pad3)")
    (add_net "Net-(D4-Pad1)")
    (add_net "Net-(D4-Pad2)")
    (add_net "Net-(D4-Pad3)")
    (add_net "Net-(D6-Pad1)")
    (add_net "Net-(J2-Pad2)")
    (add_net "Net-(J2-Pad3)")
    (add_net "Net-(J5-Pad1)")
    (add_net "Net-(J5-Pad10)")
    (add_net "Net-(J5-Pad12)")
    (add_net "Net-(J5-Pad14)")
    (add_net "Net-(J5-Pad15)")
    (add_net "Net-(J5-Pad2)")
    (add_net "Net-(J5-Pad3)")
    (add_net "Net-(J5-Pad4)")
    (add_net "Net-(J5-Pad6)")
    (add_net "Net-(J5-Pad7)")
    (add_net "Net-(J5-Pad8)")
    (add_net "Net-(J5-Pad9)")
    (add_net "Net-(J6-Pad3)")
    (add_net "Net-(K1-Pad2)")
    (add_net "Net-(K2-Pad2)")
    (add_net "Net-(Q1-Pad1)")
    (add_net "Net-(Q1-Pad3)")
    (add_net "Net-(Q2-Pad1)")
    (add_net "Net-(Q2-Pad3)")
    (add_net "Net-(Q3-Pad1)")
    (add_net "Net-(Q4-Pad1)")
    (add_net "Net-(Q6-Pad1)")
    (add_net "Net-(Q8-Pad1)")
    (add_net "Net-(Q9-Pad1)")
    (add_net "Net-(R10-Pad2)")
    (add_net "Net-(R15-Pad1)")
    (add_net "Net-(R17-Pad1)")
    (add_net "Net-(R20-Pad2)")
    (add_net "Net-(R22-Pad2)")
    (add_net "Net-(R23-Pad1)")
    (add_net "Net-(R24-Pad2)")
    (add_net "Net-(R7-Pad1)")
    (add_net "Net-(R8-Pad1)")
    (add_net VCC)
  )

  (module Capacitor_SMD:C_0603_1608Metric_Pad0.84x1.00mm_HandSolder (layer B.Cu) (tedit 59FE48B8) (tstamp 5A79E7ED)
    (at 52.451 45.72)
    (descr "Capacitor SMD 0603 (1608 Metric), square (rectangular) end terminal, IPC_7351 nominal with elongated pad for handsoldering. (Body size source: http://www.tortai-tech.com/upload/download/2011102023233369053.pdf), generated with kicad-footprint-generator")
    (tags "capacitor handsolder")
    (path /5A63318D)
    (attr smd)
    (fp_text reference C1 (at 0 1.65) (layer B.SilkS)
      (effects (font (size 1 1) (thickness 0.15)) (justify mirror))
    )
    (fp_text value 0.1 (at 0 -1.65) (layer B.Fab)
      (effects (font (size 1 1) (thickness 0.15)) (justify mirror))
    )
    (fp_line (start -0.8 -0.4) (end -0.8 0.4) (layer B.Fab) (width 0.1))
    (fp_line (start -0.8 0.4) (end 0.8 0.4) (layer B.Fab) (width 0.1))
    (fp_line (start 0.8 0.4) (end 0.8 -0.4) (layer B.Fab) (width 0.1))
    (fp_line (start 0.8 -0.4) (end -0.8 -0.4) (layer B.Fab) (width 0.1))
    (fp_line (start -0.22 0.51) (end 0.22 0.51) (layer B.SilkS) (width 0.12))
    (fp_line (start -0.22 -0.51) (end 0.22 -0.51) (layer B.SilkS) (width 0.12))
    (fp_line (start -1.64 -0.75) (end -1.64 0.75) (layer B.CrtYd) (width 0.05))
    (fp_line (start -1.64 0.75) (end 1.64 0.75) (layer B.CrtYd) (width 0.05))
    (fp_line (start 1.64 0.75) (end 1.64 -0.75) (layer B.CrtYd) (width 0.05))
    (fp_line (start 1.64 -0.75) (end -1.64 -0.75) (layer B.CrtYd) (width 0.05))
    (fp_text user %R (at 0 0) (layer B.Fab)
      (effects (font (size 0.5 0.5) (thickness 0.08)) (justify mirror))
    )
    (pad 1 smd rect (at -0.9625 0) (size 0.845 1) (layers B.Cu B.Paste B.Mask)
      (net 1 GND))
    (pad 2 smd rect (at 0.9625 0) (size 0.845 1) (layers B.Cu B.Paste B.Mask)
      (net 2 "Net-(C1-Pad2)"))
    (model ${KISYS3DMOD}/Capacitor_SMD.3dshapes/C_0603_1608Metric.wrl
      (at (xyz 0 0 0))
      (scale (xyz 1 1 1))
      (rotate (xyz 0 0 0))
    )
  )

  (module Package_SSOP:SOP-16_4.4x10.4mm_P1.27mm (layer B.Cu) (tedit 5A02F25C) (tstamp 5A79E986)
    (at 56.506 38.856)
    (descr "16-Lead Plastic Small Outline http://www.vishay.com/docs/49633/sg2098.pdf")
    (tags "SOP 1.27")
    (path /5A632ED9)
    (attr smd)
    (fp_text reference U1 (at 0 6.2) (layer B.SilkS)
      (effects (font (size 1 1) (thickness 0.15)) (justify mirror))
    )
    (fp_text value MAX3232 (at 0 -6.1) (layer B.Fab)
      (effects (font (size 1 1) (thickness 0.15)) (justify mirror))
    )
    (fp_text user %R (at 0 0) (layer B.Fab)
      (effects (font (size 0.8 0.8) (thickness 0.15)) (justify mirror))
    )
    (fp_line (start -2.2 4.6) (end -1.6 5.2) (layer B.Fab) (width 0.1))
    (fp_line (start -2.4 5.4) (end -2.4 5) (layer B.SilkS) (width 0.12))
    (fp_line (start -2.4 5) (end -3.8 5) (layer B.SilkS) (width 0.12))
    (fp_line (start -1.6 5.2) (end 2.2 5.2) (layer B.Fab) (width 0.1))
    (fp_line (start 2.2 5.2) (end 2.2 -5.2) (layer B.Fab) (width 0.1))
    (fp_line (start 2.2 -5.2) (end -2.2 -5.2) (layer B.Fab) (width 0.1))
    (fp_line (start -2.2 -5.2) (end -2.2 4.6) (layer B.Fab) (width 0.1))
    (fp_line (start -2.4 5.4) (end 2.4 5.4) (layer B.SilkS) (width 0.12))
    (fp_line (start -2.4 -5.4) (end 2.4 -5.4) (layer B.SilkS) (width 0.12))
    (fp_line (start -4.05 5.45) (end 4.05 5.45) (layer B.CrtYd) (width 0.05))
    (fp_line (start -4.05 5.45) (end -4.05 -5.45) (layer B.CrtYd) (width 0.05))
    (fp_line (start 4.05 -5.45) (end 4.05 5.45) (layer B.CrtYd) (width 0.05))
    (fp_line (start 4.05 -5.45) (end -4.05 -5.45) (layer B.CrtYd) (width 0.05))
    (pad 1 smd rect (at -3.15 4.45) (size 1.3 0.8) (layers B.Cu B.Paste B.Mask)
      (net 9 "Net-(C7-Pad1)"))
    (pad 2 smd rect (at -3.15 3.17) (size 1.3 0.8) (layers B.Cu B.Paste B.Mask)
      (net 2 "Net-(C1-Pad2)"))
    (pad 3 smd rect (at -3.15 1.91) (size 1.3 0.8) (layers B.Cu B.Paste B.Mask)
      (net 10 "Net-(C7-Pad2)"))
    (pad 4 smd rect (at -3.15 0.64) (size 1.3 0.8) (layers B.Cu B.Paste B.Mask)
      (net 5 "Net-(C4-Pad1)"))
    (pad 5 smd rect (at -3.15 -0.64) (size 1.3 0.8) (layers B.Cu B.Paste B.Mask)
      (net 6 "Net-(C4-Pad2)"))
    (pad 6 smd rect (at -3.15 -1.91) (size 1.3 0.8) (layers B.Cu B.Paste B.Mask)
      (net 3 "Net-(C2-Pad2)"))
    (pad 7 smd rect (at -3.15 -3.17) (size 1.3 0.8) (layers B.Cu B.Paste B.Mask))
    (pad 8 smd rect (at -3.15 -4.45) (size 1.3 0.8) (layers B.Cu B.Paste B.Mask))
    (pad 9 smd rect (at 3.15 -4.45) (size 1.3 0.8) (layers B.Cu B.Paste B.Mask))
    (pad 10 smd rect (at 3.15 -3.17) (size 1.3 0.8) (layers B.Cu B.Paste B.Mask))
    (pad 11 smd rect (at 3.15 -1.91) (size 1.3 0.8) (layers B.Cu B.Paste B.Mask)
      (net 74 /Tx))
    (pad 12 smd rect (at 3.15 -0.64) (size 1.3 0.8) (layers B.Cu B.Paste B.Mask)
      (net 73 "Net-(R24-Pad2)"))
    (pad 13 smd rect (at 3.15 0.64) (size 1.3 0.8) (layers B.Cu B.Paste B.Mask)
      (net 15 /TXD))
    (pad 14 smd rect (at 3.15 1.91) (size 1.3 0.8) (layers B.Cu B.Paste B.Mask)
      (net 16 /RXD))
    (pad 15 smd rect (at 3.15 3.17) (size 1.3 0.8) (layers B.Cu B.Paste B.Mask)
      (net 1 GND))
    (pad 16 smd rect (at 3.15 4.45) (size 1.3 0.8) (layers B.Cu B.Paste B.Mask)
      (net 13 VCC))
    (model ${KISYS3DMOD}/Package_SSOP.3dshapes/SOP-16_4.4x10.4mm_P1.27mm.wrl
      (at (xyz 0 0 0))
      (scale (xyz 1 1 1))
      (rotate (xyz 0 0 0))
    )
  )

  (module MountingHole:MountingHole_3.2mm_M3 locked (layer F.Cu) (tedit 5A79F333) (tstamp 5A90F350)
    (at 136 27)
    (descr "Mounting Hole 3.2mm, no annular, M3")
    (tags "mounting hole 3.2mm no annular m3")
    (attr virtual)
    (fp_text reference REF** (at 0 -4.2) (layer F.SilkS) hide
      (effects (font (size 1 1) (thickness 0.15)))
    )
    (fp_text value MountingHole_3.2mm_M3 (at 0 4.2) (layer F.Fab)
      (effects (font (size 1 1) (thickness 0.15)))
    )
    (fp_text user %R (at 0.3 0) (layer F.Fab)
      (effects (font (size 1 1) (thickness 0.15)))
    )
    (fp_circle (center 0 0) (end 3.2 0) (layer Cmts.User) (width 0.15))
    (fp_circle (center 0 0) (end 3.45 0) (layer F.CrtYd) (width 0.05))
    (pad 1 np_thru_hole circle (at 0 0) (size 3.2 3.2) (drill 3.2) (layers *.Cu *.Mask))
  )

  (module MountingHole:MountingHole_3.2mm_M3 locked (layer F.Cu) (tedit 5A79F331) (tstamp 5A90F349)
    (at 136 89)
    (descr "Mounting Hole 3.2mm, no annular, M3")
    (tags "mounting hole 3.2mm no annular m3")
    (attr virtual)
    (fp_text reference REF** (at 0 -4.2) (layer F.SilkS) hide
      (effects (font (size 1 1) (thickness 0.15)))
    )
    (fp_text value MountingHole_3.2mm_M3 (at 0 4.2) (layer F.Fab)
      (effects (font (size 1 1) (thickness 0.15)))
    )
    (fp_text user %R (at 0.3 0) (layer F.Fab)
      (effects (font (size 1 1) (thickness 0.15)))
    )
    (fp_circle (center 0 0) (end 3.2 0) (layer Cmts.User) (width 0.15))
    (fp_circle (center 0 0) (end 3.45 0) (layer F.CrtYd) (width 0.05))
    (pad 1 np_thru_hole circle (at 0 0) (size 3.2 3.2) (drill 3.2) (layers *.Cu *.Mask))
  )

  (module MountingHole:MountingHole_3.2mm_M3 locked (layer F.Cu) (tedit 5A79F32E) (tstamp 5A90F342)
    (at 44 89)
    (descr "Mounting Hole 3.2mm, no annular, M3")
    (tags "mounting hole 3.2mm no annular m3")
    (attr virtual)
    (fp_text reference REF** (at 0 -4.2) (layer F.SilkS) hide
      (effects (font (size 1 1) (thickness 0.15)))
    )
    (fp_text value MountingHole_3.2mm_M3 (at 0 4.2) (layer F.Fab)
      (effects (font (size 1 1) (thickness 0.15)))
    )
    (fp_text user %R (at 0.3 0) (layer F.Fab)
      (effects (font (size 1 1) (thickness 0.15)))
    )
    (fp_circle (center 0 0) (end 3.2 0) (layer Cmts.User) (width 0.15))
    (fp_circle (center 0 0) (end 3.45 0) (layer F.CrtYd) (width 0.05))
    (pad 1 np_thru_hole circle (at 0 0) (size 3.2 3.2) (drill 3.2) (layers *.Cu *.Mask))
  )

  (module Capacitor_SMD:C_0603_1608Metric_Pad0.84x1.00mm_HandSolder (layer B.Cu) (tedit 59FE48B8) (tstamp 5A79E7F3)
    (at 56.515 32.258 180)
    (descr "Capacitor SMD 0603 (1608 Metric), square (rectangular) end terminal, IPC_7351 nominal with elongated pad for handsoldering. (Body size source: http://www.tortai-tech.com/upload/download/2011102023233369053.pdf), generated with kicad-footprint-generator")
    (tags "capacitor handsolder")
    (path /5A6331E2)
    (attr smd)
    (fp_text reference C2 (at 0 1.65 180) (layer B.SilkS)
      (effects (font (size 1 1) (thickness 0.15)) (justify mirror))
    )
    (fp_text value 0.1 (at 0 -1.65 180) (layer B.Fab)
      (effects (font (size 1 1) (thickness 0.15)) (justify mirror))
    )
    (fp_line (start -0.8 -0.4) (end -0.8 0.4) (layer B.Fab) (width 0.1))
    (fp_line (start -0.8 0.4) (end 0.8 0.4) (layer B.Fab) (width 0.1))
    (fp_line (start 0.8 0.4) (end 0.8 -0.4) (layer B.Fab) (width 0.1))
    (fp_line (start 0.8 -0.4) (end -0.8 -0.4) (layer B.Fab) (width 0.1))
    (fp_line (start -0.22 0.51) (end 0.22 0.51) (layer B.SilkS) (width 0.12))
    (fp_line (start -0.22 -0.51) (end 0.22 -0.51) (layer B.SilkS) (width 0.12))
    (fp_line (start -1.64 -0.75) (end -1.64 0.75) (layer B.CrtYd) (width 0.05))
    (fp_line (start -1.64 0.75) (end 1.64 0.75) (layer B.CrtYd) (width 0.05))
    (fp_line (start 1.64 0.75) (end 1.64 -0.75) (layer B.CrtYd) (width 0.05))
    (fp_line (start 1.64 -0.75) (end -1.64 -0.75) (layer B.CrtYd) (width 0.05))
    (fp_text user %R (at 0 0 180) (layer B.Fab)
      (effects (font (size 0.5 0.5) (thickness 0.08)) (justify mirror))
    )
    (pad 1 smd rect (at -0.9625 0 180) (size 0.845 1) (layers B.Cu B.Paste B.Mask)
      (net 1 GND))
    (pad 2 smd rect (at 0.9625 0 180) (size 0.845 1) (layers B.Cu B.Paste B.Mask)
      (net 3 "Net-(C2-Pad2)"))
    (model ${KISYS3DMOD}/Capacitor_SMD.3dshapes/C_0603_1608Metric.wrl
      (at (xyz 0 0 0))
      (scale (xyz 1 1 1))
      (rotate (xyz 0 0 0))
    )
  )

  (module Capacitor_SMD:C_0603_1608Metric_Pad0.84x1.00mm_HandSolder (layer B.Cu) (tedit 59FE48B8) (tstamp 5A79E7F9)
    (at 65.659 71.247 90)
    (descr "Capacitor SMD 0603 (1608 Metric), square (rectangular) end terminal, IPC_7351 nominal with elongated pad for handsoldering. (Body size source: http://www.tortai-tech.com/upload/download/2011102023233369053.pdf), generated with kicad-footprint-generator")
    (tags "capacitor handsolder")
    (path /5A634730)
    (attr smd)
    (fp_text reference C3 (at 0 1.65 90) (layer B.SilkS)
      (effects (font (size 1 1) (thickness 0.15)) (justify mirror))
    )
    (fp_text value 22p (at 0 -1.65 90) (layer B.Fab)
      (effects (font (size 1 1) (thickness 0.15)) (justify mirror))
    )
    (fp_line (start -0.8 -0.4) (end -0.8 0.4) (layer B.Fab) (width 0.1))
    (fp_line (start -0.8 0.4) (end 0.8 0.4) (layer B.Fab) (width 0.1))
    (fp_line (start 0.8 0.4) (end 0.8 -0.4) (layer B.Fab) (width 0.1))
    (fp_line (start 0.8 -0.4) (end -0.8 -0.4) (layer B.Fab) (width 0.1))
    (fp_line (start -0.22 0.51) (end 0.22 0.51) (layer B.SilkS) (width 0.12))
    (fp_line (start -0.22 -0.51) (end 0.22 -0.51) (layer B.SilkS) (width 0.12))
    (fp_line (start -1.64 -0.75) (end -1.64 0.75) (layer B.CrtYd) (width 0.05))
    (fp_line (start -1.64 0.75) (end 1.64 0.75) (layer B.CrtYd) (width 0.05))
    (fp_line (start 1.64 0.75) (end 1.64 -0.75) (layer B.CrtYd) (width 0.05))
    (fp_line (start 1.64 -0.75) (end -1.64 -0.75) (layer B.CrtYd) (width 0.05))
    (fp_text user %R (at 0 0 90) (layer B.Fab)
      (effects (font (size 0.5 0.5) (thickness 0.08)) (justify mirror))
    )
    (pad 1 smd rect (at -0.9625 0 90) (size 0.845 1) (layers B.Cu B.Paste B.Mask)
      (net 1 GND))
    (pad 2 smd rect (at 0.9625 0 90) (size 0.845 1) (layers B.Cu B.Paste B.Mask)
      (net 4 "Net-(C3-Pad2)"))
    (model ${KISYS3DMOD}/Capacitor_SMD.3dshapes/C_0603_1608Metric.wrl
      (at (xyz 0 0 0))
      (scale (xyz 1 1 1))
      (rotate (xyz 0 0 0))
    )
  )

  (module Capacitor_SMD:C_0603_1608Metric_Pad0.84x1.00mm_HandSolder (layer B.Cu) (tedit 59FE48B8) (tstamp 5A79E7FF)
    (at 49.911 38.989 90)
    (descr "Capacitor SMD 0603 (1608 Metric), square (rectangular) end terminal, IPC_7351 nominal with elongated pad for handsoldering. (Body size source: http://www.tortai-tech.com/upload/download/2011102023233369053.pdf), generated with kicad-footprint-generator")
    (tags "capacitor handsolder")
    (path /5A63312F)
    (attr smd)
    (fp_text reference C4 (at 0 1.65 90) (layer B.SilkS)
      (effects (font (size 1 1) (thickness 0.15)) (justify mirror))
    )
    (fp_text value 0.1 (at 0 -1.65 90) (layer B.Fab)
      (effects (font (size 1 1) (thickness 0.15)) (justify mirror))
    )
    (fp_line (start -0.8 -0.4) (end -0.8 0.4) (layer B.Fab) (width 0.1))
    (fp_line (start -0.8 0.4) (end 0.8 0.4) (layer B.Fab) (width 0.1))
    (fp_line (start 0.8 0.4) (end 0.8 -0.4) (layer B.Fab) (width 0.1))
    (fp_line (start 0.8 -0.4) (end -0.8 -0.4) (layer B.Fab) (width 0.1))
    (fp_line (start -0.22 0.51) (end 0.22 0.51) (layer B.SilkS) (width 0.12))
    (fp_line (start -0.22 -0.51) (end 0.22 -0.51) (layer B.SilkS) (width 0.12))
    (fp_line (start -1.64 -0.75) (end -1.64 0.75) (layer B.CrtYd) (width 0.05))
    (fp_line (start -1.64 0.75) (end 1.64 0.75) (layer B.CrtYd) (width 0.05))
    (fp_line (start 1.64 0.75) (end 1.64 -0.75) (layer B.CrtYd) (width 0.05))
    (fp_line (start 1.64 -0.75) (end -1.64 -0.75) (layer B.CrtYd) (width 0.05))
    (fp_text user %R (at 0 0 90) (layer B.Fab)
      (effects (font (size 0.5 0.5) (thickness 0.08)) (justify mirror))
    )
    (pad 1 smd rect (at -0.9625 0 90) (size 0.845 1) (layers B.Cu B.Paste B.Mask)
      (net 5 "Net-(C4-Pad1)"))
    (pad 2 smd rect (at 0.9625 0 90) (size 0.845 1) (layers B.Cu B.Paste B.Mask)
      (net 6 "Net-(C4-Pad2)"))
    (model ${KISYS3DMOD}/Capacitor_SMD.3dshapes/C_0603_1608Metric.wrl
      (at (xyz 0 0 0))
      (scale (xyz 1 1 1))
      (rotate (xyz 0 0 0))
    )
  )

  (module Capacitor_SMD:C_0603_1608Metric_Pad0.84x1.00mm_HandSolder (layer B.Cu) (tedit 59FE48B8) (tstamp 5A79E805)
    (at 65.659 59.817 270)
    (descr "Capacitor SMD 0603 (1608 Metric), square (rectangular) end terminal, IPC_7351 nominal with elongated pad for handsoldering. (Body size source: http://www.tortai-tech.com/upload/download/2011102023233369053.pdf), generated with kicad-footprint-generator")
    (tags "capacitor handsolder")
    (path /5A634AB8)
    (attr smd)
    (fp_text reference C5 (at 0 1.65 270) (layer B.SilkS)
      (effects (font (size 1 1) (thickness 0.15)) (justify mirror))
    )
    (fp_text value 22p (at 0 -1.65 270) (layer B.Fab)
      (effects (font (size 1 1) (thickness 0.15)) (justify mirror))
    )
    (fp_line (start -0.8 -0.4) (end -0.8 0.4) (layer B.Fab) (width 0.1))
    (fp_line (start -0.8 0.4) (end 0.8 0.4) (layer B.Fab) (width 0.1))
    (fp_line (start 0.8 0.4) (end 0.8 -0.4) (layer B.Fab) (width 0.1))
    (fp_line (start 0.8 -0.4) (end -0.8 -0.4) (layer B.Fab) (width 0.1))
    (fp_line (start -0.22 0.51) (end 0.22 0.51) (layer B.SilkS) (width 0.12))
    (fp_line (start -0.22 -0.51) (end 0.22 -0.51) (layer B.SilkS) (width 0.12))
    (fp_line (start -1.64 -0.75) (end -1.64 0.75) (layer B.CrtYd) (width 0.05))
    (fp_line (start -1.64 0.75) (end 1.64 0.75) (layer B.CrtYd) (width 0.05))
    (fp_line (start 1.64 0.75) (end 1.64 -0.75) (layer B.CrtYd) (width 0.05))
    (fp_line (start 1.64 -0.75) (end -1.64 -0.75) (layer B.CrtYd) (width 0.05))
    (fp_text user %R (at 0 0 270) (layer B.Fab)
      (effects (font (size 0.5 0.5) (thickness 0.08)) (justify mirror))
    )
    (pad 1 smd rect (at -0.9625 0 270) (size 0.845 1) (layers B.Cu B.Paste B.Mask)
      (net 1 GND))
    (pad 2 smd rect (at 0.9625 0 270) (size 0.845 1) (layers B.Cu B.Paste B.Mask)
      (net 7 "Net-(C5-Pad2)"))
    (model ${KISYS3DMOD}/Capacitor_SMD.3dshapes/C_0603_1608Metric.wrl
      (at (xyz 0 0 0))
      (scale (xyz 1 1 1))
      (rotate (xyz 0 0 0))
    )
  )

  (module Capacitor_SMD:C_0603_1608Metric_Pad0.84x1.00mm_HandSolder (layer F.Cu) (tedit 59FE48B8) (tstamp 5A79E80B)
    (at 231.201001 106.244)
    (descr "Capacitor SMD 0603 (1608 Metric), square (rectangular) end terminal, IPC_7351 nominal with elongated pad for handsoldering. (Body size source: http://www.tortai-tech.com/upload/download/2011102023233369053.pdf), generated with kicad-footprint-generator")
    (tags "capacitor handsolder")
    (path /5A639FC7)
    (attr smd)
    (fp_text reference C6 (at 0 -1.65) (layer F.SilkS)
      (effects (font (size 1 1) (thickness 0.15)))
    )
    (fp_text value 0.1 (at 0 1.65) (layer F.Fab)
      (effects (font (size 1 1) (thickness 0.15)))
    )
    (fp_line (start -0.8 0.4) (end -0.8 -0.4) (layer F.Fab) (width 0.1))
    (fp_line (start -0.8 -0.4) (end 0.8 -0.4) (layer F.Fab) (width 0.1))
    (fp_line (start 0.8 -0.4) (end 0.8 0.4) (layer F.Fab) (width 0.1))
    (fp_line (start 0.8 0.4) (end -0.8 0.4) (layer F.Fab) (width 0.1))
    (fp_line (start -0.22 -0.51) (end 0.22 -0.51) (layer F.SilkS) (width 0.12))
    (fp_line (start -0.22 0.51) (end 0.22 0.51) (layer F.SilkS) (width 0.12))
    (fp_line (start -1.64 0.75) (end -1.64 -0.75) (layer F.CrtYd) (width 0.05))
    (fp_line (start -1.64 -0.75) (end 1.64 -0.75) (layer F.CrtYd) (width 0.05))
    (fp_line (start 1.64 -0.75) (end 1.64 0.75) (layer F.CrtYd) (width 0.05))
    (fp_line (start 1.64 0.75) (end -1.64 0.75) (layer F.CrtYd) (width 0.05))
    (fp_text user %R (at 0 0) (layer F.Fab)
      (effects (font (size 0.5 0.5) (thickness 0.08)))
    )
    (pad 1 smd rect (at -0.9625 0) (size 0.845 1) (layers F.Cu F.Paste F.Mask)
      (net 1 GND))
    (pad 2 smd rect (at 0.9625 0) (size 0.845 1) (layers F.Cu F.Paste F.Mask)
      (net 8 "Net-(C6-Pad2)"))
    (model ${KISYS3DMOD}/Capacitor_SMD.3dshapes/C_0603_1608Metric.wrl
      (at (xyz 0 0 0))
      (scale (xyz 1 1 1))
      (rotate (xyz 0 0 0))
    )
  )

  (module Capacitor_SMD:C_0603_1608Metric_Pad0.84x1.00mm_HandSolder (layer B.Cu) (tedit 59FE48B8) (tstamp 5A79E811)
    (at 49.911 42.799 90)
    (descr "Capacitor SMD 0603 (1608 Metric), square (rectangular) end terminal, IPC_7351 nominal with elongated pad for handsoldering. (Body size source: http://www.tortai-tech.com/upload/download/2011102023233369053.pdf), generated with kicad-footprint-generator")
    (tags "capacitor handsolder")
    (path /5A633096)
    (attr smd)
    (fp_text reference C7 (at 0 1.65 90) (layer B.SilkS)
      (effects (font (size 1 1) (thickness 0.15)) (justify mirror))
    )
    (fp_text value 0.1 (at 0 -1.65 90) (layer B.Fab)
      (effects (font (size 1 1) (thickness 0.15)) (justify mirror))
    )
    (fp_line (start -0.8 -0.4) (end -0.8 0.4) (layer B.Fab) (width 0.1))
    (fp_line (start -0.8 0.4) (end 0.8 0.4) (layer B.Fab) (width 0.1))
    (fp_line (start 0.8 0.4) (end 0.8 -0.4) (layer B.Fab) (width 0.1))
    (fp_line (start 0.8 -0.4) (end -0.8 -0.4) (layer B.Fab) (width 0.1))
    (fp_line (start -0.22 0.51) (end 0.22 0.51) (layer B.SilkS) (width 0.12))
    (fp_line (start -0.22 -0.51) (end 0.22 -0.51) (layer B.SilkS) (width 0.12))
    (fp_line (start -1.64 -0.75) (end -1.64 0.75) (layer B.CrtYd) (width 0.05))
    (fp_line (start -1.64 0.75) (end 1.64 0.75) (layer B.CrtYd) (width 0.05))
    (fp_line (start 1.64 0.75) (end 1.64 -0.75) (layer B.CrtYd) (width 0.05))
    (fp_line (start 1.64 -0.75) (end -1.64 -0.75) (layer B.CrtYd) (width 0.05))
    (fp_text user %R (at 0 0 90) (layer B.Fab)
      (effects (font (size 0.5 0.5) (thickness 0.08)) (justify mirror))
    )
    (pad 1 smd rect (at -0.9625 0 90) (size 0.845 1) (layers B.Cu B.Paste B.Mask)
      (net 9 "Net-(C7-Pad1)"))
    (pad 2 smd rect (at 0.9625 0 90) (size 0.845 1) (layers B.Cu B.Paste B.Mask)
      (net 10 "Net-(C7-Pad2)"))
    (model ${KISYS3DMOD}/Capacitor_SMD.3dshapes/C_0603_1608Metric.wrl
      (at (xyz 0 0 0))
      (scale (xyz 1 1 1))
      (rotate (xyz 0 0 0))
    )
  )

  (module Capacitor_SMD:C_0603_1608Metric_Pad0.84x1.00mm_HandSolder (layer F.Cu) (tedit 59FE48B8) (tstamp 5A79E817)
    (at 53.34 44.577 180)
    (descr "Capacitor SMD 0603 (1608 Metric), square (rectangular) end terminal, IPC_7351 nominal with elongated pad for handsoldering. (Body size source: http://www.tortai-tech.com/upload/download/2011102023233369053.pdf), generated with kicad-footprint-generator")
    (tags "capacitor handsolder")
    (path /5A64B889)
    (attr smd)
    (fp_text reference C8 (at 0 -1.65 180) (layer F.SilkS)
      (effects (font (size 1 1) (thickness 0.15)))
    )
    (fp_text value 0.1 (at 0 1.65 180) (layer F.Fab)
      (effects (font (size 1 1) (thickness 0.15)))
    )
    (fp_line (start -0.8 0.4) (end -0.8 -0.4) (layer F.Fab) (width 0.1))
    (fp_line (start -0.8 -0.4) (end 0.8 -0.4) (layer F.Fab) (width 0.1))
    (fp_line (start 0.8 -0.4) (end 0.8 0.4) (layer F.Fab) (width 0.1))
    (fp_line (start 0.8 0.4) (end -0.8 0.4) (layer F.Fab) (width 0.1))
    (fp_line (start -0.22 -0.51) (end 0.22 -0.51) (layer F.SilkS) (width 0.12))
    (fp_line (start -0.22 0.51) (end 0.22 0.51) (layer F.SilkS) (width 0.12))
    (fp_line (start -1.64 0.75) (end -1.64 -0.75) (layer F.CrtYd) (width 0.05))
    (fp_line (start -1.64 -0.75) (end 1.64 -0.75) (layer F.CrtYd) (width 0.05))
    (fp_line (start 1.64 -0.75) (end 1.64 0.75) (layer F.CrtYd) (width 0.05))
    (fp_line (start 1.64 0.75) (end -1.64 0.75) (layer F.CrtYd) (width 0.05))
    (fp_text user %R (at 0 0 180) (layer F.Fab)
      (effects (font (size 0.5 0.5) (thickness 0.08)))
    )
    (pad 1 smd rect (at -0.9625 0 180) (size 0.845 1) (layers F.Cu F.Paste F.Mask)
      (net 11 /NRST))
    (pad 2 smd rect (at 0.9625 0 180) (size 0.845 1) (layers F.Cu F.Paste F.Mask)
      (net 1 GND))
    (model ${KISYS3DMOD}/Capacitor_SMD.3dshapes/C_0603_1608Metric.wrl
      (at (xyz 0 0 0))
      (scale (xyz 1 1 1))
      (rotate (xyz 0 0 0))
    )
  )

  (module Capacitor_SMD:C_0603_1608Metric_Pad0.84x1.00mm_HandSolder (layer F.Cu) (tedit 59FE48B8) (tstamp 5A79E81D)
    (at 60.706 48.641 180)
    (descr "Capacitor SMD 0603 (1608 Metric), square (rectangular) end terminal, IPC_7351 nominal with elongated pad for handsoldering. (Body size source: http://www.tortai-tech.com/upload/download/2011102023233369053.pdf), generated with kicad-footprint-generator")
    (tags "capacitor handsolder")
    (path /5A653BA1)
    (attr smd)
    (fp_text reference C9 (at 0 -1.65 180) (layer F.SilkS)
      (effects (font (size 1 1) (thickness 0.15)))
    )
    (fp_text value 0.1 (at 0 1.65 180) (layer F.Fab)
      (effects (font (size 1 1) (thickness 0.15)))
    )
    (fp_line (start -0.8 0.4) (end -0.8 -0.4) (layer F.Fab) (width 0.1))
    (fp_line (start -0.8 -0.4) (end 0.8 -0.4) (layer F.Fab) (width 0.1))
    (fp_line (start 0.8 -0.4) (end 0.8 0.4) (layer F.Fab) (width 0.1))
    (fp_line (start 0.8 0.4) (end -0.8 0.4) (layer F.Fab) (width 0.1))
    (fp_line (start -0.22 -0.51) (end 0.22 -0.51) (layer F.SilkS) (width 0.12))
    (fp_line (start -0.22 0.51) (end 0.22 0.51) (layer F.SilkS) (width 0.12))
    (fp_line (start -1.64 0.75) (end -1.64 -0.75) (layer F.CrtYd) (width 0.05))
    (fp_line (start -1.64 -0.75) (end 1.64 -0.75) (layer F.CrtYd) (width 0.05))
    (fp_line (start 1.64 -0.75) (end 1.64 0.75) (layer F.CrtYd) (width 0.05))
    (fp_line (start 1.64 0.75) (end -1.64 0.75) (layer F.CrtYd) (width 0.05))
    (fp_text user %R (at 0 0 180) (layer F.Fab)
      (effects (font (size 0.5 0.5) (thickness 0.08)))
    )
    (pad 1 smd rect (at -0.9625 0 180) (size 0.845 1) (layers F.Cu F.Paste F.Mask)
      (net 12 "Net-(C9-Pad1)"))
    (pad 2 smd rect (at 0.9625 0 180) (size 0.845 1) (layers F.Cu F.Paste F.Mask)
      (net 1 GND))
    (model ${KISYS3DMOD}/Capacitor_SMD.3dshapes/C_0603_1608Metric.wrl
      (at (xyz 0 0 0))
      (scale (xyz 1 1 1))
      (rotate (xyz 0 0 0))
    )
  )

  (module Capacitor_SMD:C_0603_1608Metric_Pad0.84x1.00mm_HandSolder (layer F.Cu) (tedit 59FE48B8) (tstamp 5A79E823)
    (at 63.246 48.641 90)
    (descr "Capacitor SMD 0603 (1608 Metric), square (rectangular) end terminal, IPC_7351 nominal with elongated pad for handsoldering. (Body size source: http://www.tortai-tech.com/upload/download/2011102023233369053.pdf), generated with kicad-footprint-generator")
    (tags "capacitor handsolder")
    (path /5A652B90)
    (attr smd)
    (fp_text reference C10 (at 0 -1.65 90) (layer F.SilkS)
      (effects (font (size 1 1) (thickness 0.15)))
    )
    (fp_text value 0.1 (at 0 1.65 90) (layer F.Fab)
      (effects (font (size 1 1) (thickness 0.15)))
    )
    (fp_line (start -0.8 0.4) (end -0.8 -0.4) (layer F.Fab) (width 0.1))
    (fp_line (start -0.8 -0.4) (end 0.8 -0.4) (layer F.Fab) (width 0.1))
    (fp_line (start 0.8 -0.4) (end 0.8 0.4) (layer F.Fab) (width 0.1))
    (fp_line (start 0.8 0.4) (end -0.8 0.4) (layer F.Fab) (width 0.1))
    (fp_line (start -0.22 -0.51) (end 0.22 -0.51) (layer F.SilkS) (width 0.12))
    (fp_line (start -0.22 0.51) (end 0.22 0.51) (layer F.SilkS) (width 0.12))
    (fp_line (start -1.64 0.75) (end -1.64 -0.75) (layer F.CrtYd) (width 0.05))
    (fp_line (start -1.64 -0.75) (end 1.64 -0.75) (layer F.CrtYd) (width 0.05))
    (fp_line (start 1.64 -0.75) (end 1.64 0.75) (layer F.CrtYd) (width 0.05))
    (fp_line (start 1.64 0.75) (end -1.64 0.75) (layer F.CrtYd) (width 0.05))
    (fp_text user %R (at 0 0 90) (layer F.Fab)
      (effects (font (size 0.5 0.5) (thickness 0.08)))
    )
    (pad 1 smd rect (at -0.9625 0 90) (size 0.845 1) (layers F.Cu F.Paste F.Mask)
      (net 1 GND))
    (pad 2 smd rect (at 0.9625 0 90) (size 0.845 1) (layers F.Cu F.Paste F.Mask)
      (net 13 VCC))
    (model ${KISYS3DMOD}/Capacitor_SMD.3dshapes/C_0603_1608Metric.wrl
      (at (xyz 0 0 0))
      (scale (xyz 1 1 1))
      (rotate (xyz 0 0 0))
    )
  )

  (module Capacitor_SMD:C_0603_1608Metric_Pad0.84x1.00mm_HandSolder (layer F.Cu) (tedit 59FE48B8) (tstamp 5A79E829)
    (at 205.031001 135.244)
    (descr "Capacitor SMD 0603 (1608 Metric), square (rectangular) end terminal, IPC_7351 nominal with elongated pad for handsoldering. (Body size source: http://www.tortai-tech.com/upload/download/2011102023233369053.pdf), generated with kicad-footprint-generator")
    (tags "capacitor handsolder")
    (path /5A674128)
    (attr smd)
    (fp_text reference C11 (at 0 -1.65) (layer F.SilkS)
      (effects (font (size 1 1) (thickness 0.15)))
    )
    (fp_text value 0.1 (at 0 1.65) (layer F.Fab)
      (effects (font (size 1 1) (thickness 0.15)))
    )
    (fp_line (start -0.8 0.4) (end -0.8 -0.4) (layer F.Fab) (width 0.1))
    (fp_line (start -0.8 -0.4) (end 0.8 -0.4) (layer F.Fab) (width 0.1))
    (fp_line (start 0.8 -0.4) (end 0.8 0.4) (layer F.Fab) (width 0.1))
    (fp_line (start 0.8 0.4) (end -0.8 0.4) (layer F.Fab) (width 0.1))
    (fp_line (start -0.22 -0.51) (end 0.22 -0.51) (layer F.SilkS) (width 0.12))
    (fp_line (start -0.22 0.51) (end 0.22 0.51) (layer F.SilkS) (width 0.12))
    (fp_line (start -1.64 0.75) (end -1.64 -0.75) (layer F.CrtYd) (width 0.05))
    (fp_line (start -1.64 -0.75) (end 1.64 -0.75) (layer F.CrtYd) (width 0.05))
    (fp_line (start 1.64 -0.75) (end 1.64 0.75) (layer F.CrtYd) (width 0.05))
    (fp_line (start 1.64 0.75) (end -1.64 0.75) (layer F.CrtYd) (width 0.05))
    (fp_text user %R (at 0 0) (layer F.Fab)
      (effects (font (size 0.5 0.5) (thickness 0.08)))
    )
    (pad 1 smd rect (at -0.9625 0) (size 0.845 1) (layers F.Cu F.Paste F.Mask)
      (net 13 VCC))
    (pad 2 smd rect (at 0.9625 0) (size 0.845 1) (layers F.Cu F.Paste F.Mask)
      (net 1 GND))
    (model ${KISYS3DMOD}/Capacitor_SMD.3dshapes/C_0603_1608Metric.wrl
      (at (xyz 0 0 0))
      (scale (xyz 1 1 1))
      (rotate (xyz 0 0 0))
    )
  )

  (module Capacitor_SMD:C_0805_2012Metric_Pad1.15x1.50mm_HandSolder (layer F.Cu) (tedit 59FE48B8) (tstamp 5A79E82F)
    (at 206.191001 95.094)
    (descr "Capacitor SMD 0805 (2012 Metric), square (rectangular) end terminal, IPC_7351 nominal with elongated pad for handsoldering. (Body size source: http://www.tortai-tech.com/upload/download/2011102023233369053.pdf), generated with kicad-footprint-generator")
    (tags "capacitor handsolder")
    (path /5A67650B)
    (attr smd)
    (fp_text reference C12 (at 0 -1.85) (layer F.SilkS)
      (effects (font (size 1 1) (thickness 0.15)))
    )
    (fp_text value 1n (at 0 1.85) (layer F.Fab)
      (effects (font (size 1 1) (thickness 0.15)))
    )
    (fp_line (start -1 0.6) (end -1 -0.6) (layer F.Fab) (width 0.1))
    (fp_line (start -1 -0.6) (end 1 -0.6) (layer F.Fab) (width 0.1))
    (fp_line (start 1 -0.6) (end 1 0.6) (layer F.Fab) (width 0.1))
    (fp_line (start 1 0.6) (end -1 0.6) (layer F.Fab) (width 0.1))
    (fp_line (start -0.15 -0.71) (end 0.15 -0.71) (layer F.SilkS) (width 0.12))
    (fp_line (start -0.15 0.71) (end 0.15 0.71) (layer F.SilkS) (width 0.12))
    (fp_line (start -1.86 1) (end -1.86 -1) (layer F.CrtYd) (width 0.05))
    (fp_line (start -1.86 -1) (end 1.86 -1) (layer F.CrtYd) (width 0.05))
    (fp_line (start 1.86 -1) (end 1.86 1) (layer F.CrtYd) (width 0.05))
    (fp_line (start 1.86 1) (end -1.86 1) (layer F.CrtYd) (width 0.05))
    (fp_text user %R (at 0 0) (layer F.Fab)
      (effects (font (size 0.5 0.5) (thickness 0.08)))
    )
    (pad 1 smd rect (at -1.0425 0) (size 1.145 1.5) (layers F.Cu F.Paste F.Mask)
      (net 14 "Net-(C12-Pad1)"))
    (pad 2 smd rect (at 1.0425 0) (size 1.145 1.5) (layers F.Cu F.Paste F.Mask)
      (net 1 GND))
    (model ${KISYS3DMOD}/Capacitor_SMD.3dshapes/C_0805_2012Metric.wrl
      (at (xyz 0 0 0))
      (scale (xyz 1 1 1))
      (rotate (xyz 0 0 0))
    )
  )

  (module Package_TO_SOT_SMD:SOT-353_SC-70-5_Handsoldering (layer B.Cu) (tedit 5A02FF57) (tstamp 5A79E838)
    (at 56.896 63.627 270)
    (descr "SOT-353, SC-70-5, Handsoldering")
    (tags "SOT-353 SC-70-5 Handsoldering")
    (path /5A6340F1)
    (attr smd)
    (fp_text reference D1 (at 0 2 270) (layer B.SilkS)
      (effects (font (size 1 1) (thickness 0.15)) (justify mirror))
    )
    (fp_text value SMF05 (at 0 -2 450) (layer B.Fab)
      (effects (font (size 1 1) (thickness 0.15)) (justify mirror))
    )
    (fp_text user %R (at 0 0 540) (layer B.Fab)
      (effects (font (size 0.5 0.5) (thickness 0.075)) (justify mirror))
    )
    (fp_line (start 0.7 1.16) (end -1.2 1.16) (layer B.SilkS) (width 0.12))
    (fp_line (start -0.7 -1.16) (end 0.7 -1.16) (layer B.SilkS) (width 0.12))
    (fp_line (start 2.4 -1.4) (end 2.4 1.4) (layer B.CrtYd) (width 0.05))
    (fp_line (start -2.4 1.4) (end -2.4 -1.4) (layer B.CrtYd) (width 0.05))
    (fp_line (start -2.4 1.4) (end 2.4 1.4) (layer B.CrtYd) (width 0.05))
    (fp_line (start 0.675 1.1) (end -0.175 1.1) (layer B.Fab) (width 0.1))
    (fp_line (start -0.675 0.6) (end -0.675 -1.1) (layer B.Fab) (width 0.1))
    (fp_line (start -1.6 -1.4) (end 1.6 -1.4) (layer B.CrtYd) (width 0.05))
    (fp_line (start 0.675 1.1) (end 0.675 -1.1) (layer B.Fab) (width 0.1))
    (fp_line (start 0.675 -1.1) (end -0.675 -1.1) (layer B.Fab) (width 0.1))
    (fp_line (start -0.175 1.1) (end -0.675 0.6) (layer B.Fab) (width 0.1))
    (pad 1 smd rect (at -1.33 0.65 270) (size 1.5 0.4) (layers B.Cu B.Paste B.Mask)
      (net 15 /TXD))
    (pad 2 smd rect (at -1.33 0 270) (size 1.5 0.4) (layers B.Cu B.Paste B.Mask)
      (net 1 GND))
    (pad 3 smd rect (at -1.33 -0.65 270) (size 1.5 0.4) (layers B.Cu B.Paste B.Mask)
      (net 16 /RXD))
    (pad 4 smd rect (at 1.33 -0.65 270) (size 1.5 0.4) (layers B.Cu B.Paste B.Mask)
      (net 17 "Net-(D1-Pad4)"))
    (pad 5 smd rect (at 1.33 0.65 270) (size 1.5 0.4) (layers B.Cu B.Paste B.Mask)
      (net 18 "Net-(D1-Pad5)"))
    (model ${KISYS3DMOD}/Package_TO_SOT_SMD.3dshapes/SOT-353_SC-70-5.wrl
      (at (xyz 0 0 0))
      (scale (xyz 1 1 1))
      (rotate (xyz 0 0 0))
    )
  )

  (module Diode_SMD:D_SMA-SMB_Universal_Handsoldering (layer B.Cu) (tedit 5864381A) (tstamp 5A79E83E)
    (at 59.817 76.581 180)
    (descr "Diode, Universal, SMA (DO-214AC) or SMB (DO-214AA), Handsoldering,")
    (tags "Diode Universal SMA (DO-214AC) SMB (DO-214AA) Handsoldering ")
    (path /5A650205)
    (attr smd)
    (fp_text reference D2 (at 0 3 180) (layer B.SilkS)
      (effects (font (size 1 1) (thickness 0.15)) (justify mirror))
    )
    (fp_text value SS14 (at 0 -3.1 180) (layer B.Fab)
      (effects (font (size 1 1) (thickness 0.15)) (justify mirror))
    )
    (fp_text user %R (at 0 3 180) (layer B.Fab)
      (effects (font (size 1 1) (thickness 0.15)) (justify mirror))
    )
    (fp_line (start -4.85 2.15) (end -4.85 -2.15) (layer B.SilkS) (width 0.12))
    (fp_line (start 2.3 -2) (end -2.3 -2) (layer B.Fab) (width 0.1))
    (fp_line (start -2.3 -2) (end -2.3 2) (layer B.Fab) (width 0.1))
    (fp_line (start 2.3 2) (end 2.3 -2) (layer B.Fab) (width 0.1))
    (fp_line (start 2.3 2) (end -2.3 2) (layer B.Fab) (width 0.1))
    (fp_line (start 2.3 -1.5) (end -2.3 -1.5) (layer B.Fab) (width 0.1))
    (fp_line (start -2.3 -1.5) (end -2.3 1.5) (layer B.Fab) (width 0.1))
    (fp_line (start 2.3 1.5) (end 2.3 -1.5) (layer B.Fab) (width 0.1))
    (fp_line (start 2.3 1.5) (end -2.3 1.5) (layer B.Fab) (width 0.1))
    (fp_line (start -4.95 2.25) (end 4.95 2.25) (layer B.CrtYd) (width 0.05))
    (fp_line (start 4.95 2.25) (end 4.95 -2.25) (layer B.CrtYd) (width 0.05))
    (fp_line (start 4.95 -2.25) (end -4.95 -2.25) (layer B.CrtYd) (width 0.05))
    (fp_line (start -4.95 -2.25) (end -4.95 2.25) (layer B.CrtYd) (width 0.05))
    (fp_line (start -0.64944 -0.00102) (end -1.55114 -0.00102) (layer B.Fab) (width 0.1))
    (fp_line (start 0.50118 -0.00102) (end 1.4994 -0.00102) (layer B.Fab) (width 0.1))
    (fp_line (start -0.64944 0.79908) (end -0.64944 -0.80112) (layer B.Fab) (width 0.1))
    (fp_line (start 0.50118 -0.75032) (end 0.50118 0.79908) (layer B.Fab) (width 0.1))
